1 0 0 1.68141e-05 0 1 0 -4.68574e-06 -0 0 1 0
1 0 0 -0.00696131 0 1 0 0.00359527 -0 0 1 0
0.998564 -0.0529508 0.00815233 0.0118056 0.053186 0.998072 -0.0320045 6.19691e-05 -0.00644195 0.0323921 0.999454 -0.0132493
0.998564 -0.0529508 0.00815233 0.00799762 0.053186 0.998072 -0.0320045 -0.00192509 -0.00644195 0.0323921 0.999454 -0.0132493
0.998567 -0.0528836 0.00824152 0.0142522 0.0531221 0.998073 -0.032065 -0.0112397 -0.00652993 0.0324569 0.999452 -0.0133635
0.998575 -0.0527677 0.00797178 0.0192936 0.0529972 0.998081 -0.0320243 -0.0192326 -0.00626664 0.0324011 0.999455 -0.0120192
0.998575 -0.0527677 0.00797178 0.0199826 0.0529972 0.998081 -0.0320243 -0.0265724 -0.00626664 0.0324011 0.999455 -0.0120192
0.998572 -0.0527998 0.00816612 0.0195189 0.0530358 0.998078 -0.0320467 -0.0280034 -0.00645836 0.032434 0.999453 -0.0123156
0.998572 -0.0527998 0.00816612 0.0233021 0.0530358 0.998078 -0.0320467 -0.0449151 -0.00645836 0.032434 0.999453 -0.0123156
0.998577 -0.0526941 0.00821553 0.0356809 0.0529319 0.998083 -0.032075 -0.0369356 -0.00650962 0.0324642 0.999452 -0.012356
0.998569 -0.0528515 0.0081571 0.0299549 0.0530874 0.998074 -0.0320873 -0.0443193 -0.00644553 0.0324744 0.999452 -0.0124627
0.998569 -0.0528515 0.0081571 0.0445089 0.0530874 0.998074 -0.0320873 -0.0506871 -0.00644553 0.0324744 0.999452 -0.0124627
0.998574 -0.0527684 0.00812932 0.0477707 0.0530035 0.998078 -0.0320979 -0.0510062 -0.00641994 0.032483 0.999452 -0.0116944
0.998574 -0.0527684 0.00812932 0.043932 0.0530035 0.998078 -0.0320979 -0.0570818 -0.00641994 0.032483 0.999452 -0.0116944
0.998574 -0.0527484 0.00823769 0.0516916 0.0529869 0.99808 -0.0320818 -0.0577963 -0.0065296 0.0324726 0.999451 -0.0112969
0.998574 -0.0527484 0.00823769 0.0490704 0.0529869 0.99808 -0.0320818 -0.0571245 -0.0065296 0.0324726 0.999451 -0.0112969
0.998574 -0.0527484 0.00823769 0.0685836 0.0529869 0.99808 -0.0320818 -0.0668463 -0.0065296 0.0324726 0.999451 -0.0112969
0.998574 -0.0527484 0.00823769 0.0633158 0.0529869 0.99808 -0.0320818 -0.0652644 -0.0065296 0.0324726 0.999451 -0.0112969
0.998574 -0.0527484 0.00823769 0.078925 0.0529869 0.99808 -0.0320818 0.111244 -0.0065296 0.0324726 0.999451 -0.0112969
0.998574 -0.0527484 0.00823769 0.108641 0.0529869 0.99808 -0.0320818 0.47526 -0.0065296 0.0324726 0.999451 -0.0112969
0.998574 -0.0527484 0.00823769 0.0835977 0.0529869 0.99808 -0.0320818 0.907168 -0.0065296 0.0324726 0.999451 -0.0112969
0.998574 -0.0527484 0.00823769 0.0893899 0.0529869 0.99808 -0.0320818 0.882179 -0.0065296 0.0324726 0.999451 -0.0112969
0.998574 -0.0527484 0.00823769 0.11013 0.0529869 0.99808 -0.0320818 0.869549 -0.0065296 0.0324726 0.999451 -0.0112969
0.998574 -0.0527484 0.00823769 0.103174 0.0529869 0.99808 -0.0320818 0.944243 -0.0065296 0.0324726 0.999451 -0.0112969
0.998574 -0.0527484 0.00823769 0.0870001 0.0529869 0.99808 -0.0320818 1.24955 -0.0065296 0.0324726 0.999451 -0.0112969
0.998574 -0.0527484 0.00823769 -0.214199 0.0529869 0.99808 -0.0320818 2.39909 -0.0065296 0.0324726 0.999451 -0.0112969
0.998574 -0.0527484 0.00823769 -0.853631 0.0529869 0.99808 -0.0320818 4.40499 -0.0065296 0.0324726 0.999451 -0.0112969
0.998574 -0.0527484 0.00823769 -1.26658 0.0529869 0.99808 -0.0320818 7.10886 -0.0065296 0.0324726 0.999451 -0.0112969
0.998574 -0.0527484 0.00823769 -1.27639 0.0529869 0.99808 -0.0320818 10.8421 -0.0065296 0.0324726 0.999451 -0.0112969
0.998574 -0.0527484 0.00823769 -1.38825 0.0529869 0.99808 -0.0320818 15.0213 -0.0065296 0.0324726 0.999451 -0.0112969
0.998574 -0.0527484 0.00823769 -1.2848 0.0529869 0.99808 -0.0320818 19.7328 -0.0065296 0.0324726 0.999451 -0.0112969
0.998574 -0.0527484 0.00823769 -1.10083 0.0529869 0.99808 -0.0320818 24.6423 -0.0065296 0.0324726 0.999451 -0.0112969
0.998574 -0.0527484 0.00823769 -0.810515 0.0529869 0.99808 -0.0320818 29.3055 -0.0065296 0.0324726 0.999451 -0.0112969
0.998574 -0.0527484 0.00823769 -0.561284 0.0529869 0.99808 -0.0320818 33.6396 -0.0065296 0.0324726 0.999451 -0.0112969
0.998574 -0.0527484 0.00823769 -0.399807 0.0529869 0.99808 -0.0320818 37.8122 -0.0065296 0.0324726 0.999451 -0.0112969
0.998574 -0.0527484 0.00823769 -0.256064 0.0529869 0.99808 -0.0320818 41.8745 -0.0065296 0.0324726 0.999451 -0.0112969
0.998574 -0.0527484 0.00823769 -0.0953847 0.0529869 0.99808 -0.0320818 45.8345 -0.0065296 0.0324726 0.999451 -0.0112969
0.998574 -0.0527484 0.00823769 0.0695891 0.0529869 0.99808 -0.0320818 50.0937 -0.0065296 0.0324726 0.999451 -0.0112969
0.998574 -0.0527484 0.00823769 0.296149 0.0529869 0.99808 -0.0320818 54.8346 -0.0065296 0.0324726 0.999451 -0.0112969
0.998574 -0.0527484 0.00823769 0.523565 0.0529869 0.99808 -0.0320818 59.6402 -0.0065296 0.0324726 0.999451 -0.0112969
0.998574 -0.0527484 0.00823769 0.758338 0.0529869 0.99808 -0.0320818 64.2696 -0.0065296 0.0324726 0.999451 -0.0112969
0.998574 -0.0527484 0.00823769 0.968924 0.0529869 0.99808 -0.0320818 68.6088 -0.0065296 0.0324726 0.999451 -0.0112969
0.996913 -0.0774044 -0.0131659 1.28954 0.077298 0.996973 -0.00840545 73.0701 0.0137766 0.0073618 0.999878 0.0639164
0.998989 -0.0449429 -0.0010686 1.72231 0.0449305 0.998943 -0.00966927 77.8873 0.00150204 0.00961148 0.999953 0.0406665
0.998989 -0.0449429 -0.0010686 2.16646 0.0449305 0.998943 -0.00966927 82.9499 0.00150204 0.00961148 0.999953 0.0406665
0.997495 -0.0696111 0.0125328 2.48378 0.0696838 0.997554 -0.00545605 88.1761 -0.0121224 0.00631572 0.999907 -0.0649619
0.997495 -0.0696111 0.0125328 2.92778 0.0696838 0.997554 -0.00545605 93.5504 -0.0121224 0.00631572 0.999907 -0.0649619
0.998755 -0.0484227 0.0119581 3.402 0.0484201 0.998827 0.000504704 99.0084 -0.0119685 7.4939e-05 0.999928 -0.104309
0.998755 -0.0484227 0.0119581 3.90027 0.0484201 0.998827 0.000504704 104.692 -0.0119685 7.4939e-05 0.999928 -0.104309
0.998417 -0.049823 0.0261027 4.3632 0.0495994 0.998727 0.00914419 110.543 -0.026525 -0.00783503 0.999617 -0.31057
0.99713 -0.068035 0.0332128 4.77545 0.067881 0.997677 0.00574375 116.435 -0.0335264 -0.00347275 0.999432 -0.566963
0.99713 -0.068035 0.0332128 5.14482 0.067881 0.997677 0.00574375 122.328 -0.0335264 -0.00347275 0.999432 -0.566963
0.996659 -0.0743916 0.0337279 5.50324 0.0741321 0.997209 0.00888219 128.145 -0.0342945 -0.00635219 0.999392 -0.785174
0.996659 -0.0743916 0.0337279 5.85879 0.0741321 0.997209 0.00888219 133.773 -0.0342945 -0.00635219 0.999392 -0.785174
0.996828 -0.0710335 0.0358789 6.17962 0.0706548 0.997432 0.0117183 139.202 -0.0366191 -0.00914609 0.999287 -1.05606
0.996828 -0.0710335 0.0358789 6.50833 0.0706548 0.997432 0.0117183 144.406 -0.0366191 -0.00914609 0.999287 -1.05606
0.997261 -0.0702799 0.0230689 6.8606 0.0699989 0.997465 0.0127697 149.297 -0.0239079 -0.01112 0.999652 -1.27561
0.999191 -0.0309309 0.0257182 7.29166 0.0303926 0.999316 0.0210666 153.329 -0.0263522 -0.0202679 0.999447 -1.51686
0.999191 -0.0309309 0.0257182 8.01616 0.0303926 0.999316 0.0210666 156.565 -0.0263522 -0.0202679 0.999447 -1.51686
0.956198 0.292497 0.0114634 9.33178 -0.292589 0.956209 0.00745184 158.976 -0.00878176 -0.0104795 0.999907 -1.7331
0.956198 0.292497 0.0114634 11.0881 -0.292589 0.956209 0.00745184 160.452 -0.00878176 -0.0104795 0.999907 -1.7331
0.538025 0.841661 -0.0462138 13.6587 -0.842429 0.538785 0.00490895 161.452 0.029031 0.0362907 0.99892 -1.7926
0.538025 0.841661 -0.0462138 17.0743 -0.842429 0.538785 0.00490895 161.859 0.029031 0.0362907 0.99892 -1.7926
0.147361 0.987276 -0.0597554 20.9068 -0.98892 0.148163 0.00919506 161.812 0.0179316 0.0577384 0.998171 -1.55538
0.147361 0.987276 -0.0597554 25.0323 -0.98892 0.148163 0.00919506 161.663 0.0179316 0.0577384 0.998171 -1.55538
0.0777154 0.995684 -0.0507318 29.4928 -0.996976 0.0776041 -0.00416238 161.427 -0.000207422 0.0509019 0.998704 -1.26456
0.0777154 0.995684 -0.0507318 34.1786 -0.996976 0.0776041 -0.00416238 161.208 -0.000207422 0.0509019 0.998704 -1.26456
0.0972124 0.993882 -0.0524178 39.094 -0.995264 0.0970633 -0.00538821 161.008 -0.000267392 0.0526934 0.998611 -0.96648
0.0972124 0.993882 -0.0524178 44.3087 -0.995264 0.0970633 -0.00538821 160.874 -0.000267392 0.0526934 0.998611 -0.96648
0.0986825 0.993704 -0.0530409 49.7613 -0.994981 0.0994155 0.0113564 160.667 0.016558 0.051654 0.998528 -0.613139
0.0986825 0.993704 -0.0530409 55.3946 -0.994981 0.0994155 0.0113564 160.403 0.016558 0.051654 0.998528 -0.613139
0.0778675 0.996068 -0.0422624 60.8907 -0.996809 0.0785311 0.0142725 160.07 0.0175353 0.0410162 0.999005 -0.301315
0.0778675 0.996068 -0.0422624 66.0489 -0.996809 0.0785311 0.0142725 159.703 0.0175353 0.0410162 0.999005 -0.301315
0.0770301 0.996452 -0.0339078 71.2476 -0.997012 0.0767901 -0.00832696 159.425 -0.00569363 0.034448 0.99939 0.0103165
0.0770301 0.996452 -0.0339078 76.4741 -0.997012 0.0767901 -0.00832696 159.197 -0.00569363 0.034448 0.99939 0.0103165
0.0782074 0.995864 -0.0462518 81.5328 -0.996843 0.0774768 -0.0173847 158.943 -0.0137294 0.0474654 0.998779 0.190848
0.0782074 0.995864 -0.0462518 86.5236 -0.996843 0.0774768 -0.0173847 158.652 -0.0137294 0.0474654 0.998779 0.190848
0.0705863 0.997127 -0.0274977 91.3323 -0.997391 0.0709698 0.0132272 158.385 0.0151407 0.0264923 0.999534 0.569448
0.0705863 0.997127 -0.0274977 96.2413 -0.997391 0.0709698 0.0132272 158.049 0.0151407 0.0264923 0.999534 0.569448
0.0646075 0.997374 -0.0327321 101.12 -0.997909 0.0646417 -1.21798e-05 157.748 0.00210371 0.0326645 0.999464 0.719392
0.0646075 0.997374 -0.0327321 105.852 -0.997909 0.0646417 -1.21798e-05 157.435 0.00210371 0.0326645 0.999464 0.719392
0.0734468 0.996301 -0.0446056 110.337 -0.997259 0.0729673 -0.012287 157.179 -0.00898682 0.0453858 0.998929 0.92958
0.0734468 0.996301 -0.0446056 114.581 -0.997259 0.0729673 -0.012287 156.998 -0.00898682 0.0453858 0.998929 0.92958
0.0954608 0.994824 -0.0348298 118.623 -0.995426 0.0952667 -0.00719493 156.886 -0.00383957 0.0353574 0.999367 1.1347
0.0954608 0.994824 -0.0348298 122.38 -0.995426 0.0952667 -0.00719493 156.768 -0.00383957 0.0353574 0.999367 1.1347
0.110805 0.993069 -0.0391939 125.745 -0.993836 0.110578 -0.00791335 156.658 -0.00352452 0.0398292 0.9992 1.31977
0.110805 0.993069 -0.0391939 128.684 -0.993836 0.110578 -0.00791335 156.409 -0.00352452 0.0398292 0.9992 1.31977
0.0174177 0.99937 -0.0309367 131.153 -0.999829 0.0172153 -0.006797 155.791 -0.00626013 0.0310498 0.999498 1.44735
0.0174177 0.99937 -0.0309367 133.135 -0.999829 0.0172153 -0.006797 154.689 -0.00626013 0.0310498 0.999498 1.44735
-0.433428 0.900927 -0.021677 134.524 -0.901167 -0.433457 0.00360369 153.201 -0.00614936 0.0210965 0.999759 1.48384
-0.771982 0.634825 -0.0322645 135.524 -0.635618 -0.77142 0.03002 151.557 -0.00583204 0.0436828 0.999028 1.52532
-0.771982 0.634825 -0.0322645 136.105 -0.635618 -0.77142 0.03002 149.673 -0.00583204 0.0436828 0.999028 1.52532
-0.973826 0.227293 0.000845646 136.301 -0.227128 -0.973249 0.0346167 147.528 0.00869116 0.0335186 0.9994 1.65182
-0.973826 0.227293 0.000845646 136.34 -0.227128 -0.973249 0.0346167 145.116 0.00869116 0.0335186 0.9994 1.65182
-0.993283 0.114938 0.013342 136.336 -0.114368 -0.992726 0.0376196 142.4 0.0175689 0.035841 0.999203 1.75365
-0.993283 0.114938 0.013342 136.281 -0.114368 -0.992726 0.0376196 138.921 0.0175689 0.035841 0.999203 1.75365
-0.994063 0.10734 0.0177792 136.123 -0.106732 -0.993766 0.0322013 134.98 0.0211248 0.0301125 0.999323 1.82981
-0.994063 0.10734 0.0177792 135.907 -0.106732 -0.993766 0.0322013 130.988 0.0211248 0.0301125 0.999323 1.82981
-0.994063 0.10734 0.0177792 135.649 -0.106732 -0.993766 0.0322013 126.715 0.0211248 0.0301125 0.999323 1.82981
-0.994063 0.10734 0.0177792 135.346 -0.106732 -0.993766 0.0322013 122.265 0.0211248 0.0301125 0.999323 1.82981
-0.994063 0.10734 0.0177792 134.91 -0.106732 -0.993766 0.0322013 117.517 0.0211248 0.0301125 0.999323 1.82981
-0.994063 0.10734 0.0177792 134.489 -0.106732 -0.993766 0.0322013 112.87 0.0211248 0.0301125 0.999323 1.82981
-0.994063 0.10734 0.0177792 134.191 -0.106732 -0.993766 0.0322013 108.533 0.0211248 0.0301125 0.999323 1.82981
-0.994063 0.10734 0.0177792 133.885 -0.106732 -0.993766 0.0322013 104.559 0.0211248 0.0301125 0.999323 1.82981
-0.994063 0.10734 0.0177792 133.748 -0.106732 -0.993766 0.0322013 100.93 0.0211248 0.0301125 0.999323 1.82981
-0.994063 0.10734 0.0177792 133.658 -0.106732 -0.993766 0.0322013 97.0022 0.0211248 0.0301125 0.999323 1.82981
-0.993341 0.111761 0.0279905 133.678 -0.11091 -0.993368 0.0303008 92.4261 0.0311913 0.0269946 0.999149 2.49095
-0.993341 0.111761 0.0279905 133.659 -0.11091 -0.993368 0.0303008 87.6199 0.0311913 0.0269946 0.999149 2.49095
-0.994127 0.103649 0.0311221 133.491 -0.102861 -0.994357 0.0259409 83.0058 0.0336352 0.0225873 0.999179 2.59963
-0.994127 0.103649 0.0311221 133.212 -0.102861 -0.994357 0.0259409 78.4625 0.0336352 0.0225873 0.999179 2.59963
-0.997472 0.0660584 0.0261995 132.767 -0.0654494 -0.99758 0.0234593 73.908 0.0276858 0.0216853 0.999381 2.70179
-0.99898 0.03427 0.0293954 132.347 -0.0338299 -0.99931 0.0153408 69.1867 0.0299009 0.0143307 0.99945 2.7361
-0.99898 0.03427 0.0293954 132.122 -0.0338299 -0.99931 0.0153408 64.3238 0.0299009 0.0143307 0.99945 2.7361
-0.994335 0.104933 0.0169576 131.913 -0.104709 -0.994409 0.0136386 59.3481 0.018294 0.0117857 0.999763 2.73319
-0.994335 0.104933 0.0169576 131.776 -0.104709 -0.994409 0.0136386 54.2348 0.018294 0.0117857 0.999763 2.73319
-0.993013 0.115465 0.0243397 131.627 -0.115146 -0.993248 0.0140995 48.9212 0.0258034 0.0111983 0.999604 2.75277
-0.993013 0.115465 0.0243397 131.436 -0.115146 -0.993248 0.0140995 43.4964 0.0258034 0.0111983 0.999604 2.75277
-0.995675 0.0903638 0.0216014 131.185 -0.0900644 -0.995831 0.0144572 37.9481 0.0228177 0.0124491 0.999662 2.71798
-0.995675 0.0903638 0.0216014 130.936 -0.0900644 -0.995831 0.0144572 32.2723 0.0228177 0.0124491 0.999662 2.71798
-0.996139 0.0837881 0.0262027 130.674 -0.0834751 -0.996427 0.0128234 26.4771 0.0271836 0.0105867 0.999574 2.69664
-0.996139 0.0837881 0.0262027 130.266 -0.0834751 -0.996427 0.0128234 20.333 0.0271836 0.0105867 0.999574 2.69664
-0.996139 0.0837881 0.0262027 129.578 -0.0834751 -0.996427 0.0128234 13.8789 0.0271836 0.0105867 0.999574 2.69664
-0.996139 0.0837881 0.0262027 128.816 -0.0834751 -0.996427 0.0128234 7.32033 0.0271836 0.0105867 0.999574 2.69664
-0.996139 0.0837881 0.0262027 127.947 -0.0834751 -0.996427 0.0128234 0.944352 0.0271836 0.0105867 0.999574 2.69664
-0.996139 0.0837881 0.0262027 127.294 -0.0834751 -0.996427 0.0128234 -5.23914 0.0271836 0.0105867 0.999574 2.69664
-0.996139 0.0837881 0.0262027 126.842 -0.0834751 -0.996427 0.0128234 -10.9081 0.0271836 0.0105867 0.999574 2.69664
-0.996139 0.0837881 0.0262027 126.53 -0.0834751 -0.996427 0.0128234 -14.6005 0.0271836 0.0105867 0.999574 2.69664
-0.996139 0.0837881 0.0262027 126.226 -0.0834751 -0.996427 0.0128234 -16.7503 0.0271836 0.0105867 0.999574 2.69664
-0.996139 0.0837881 0.0262027 125.573 -0.0834751 -0.996427 0.0128234 -18.3265 0.0271836 0.0105867 0.999574 2.69664
-0.913341 -0.407007 0.0124163 124.212 0.407182 -0.913135 0.0196716 -19.5481 0.00333129 0.0230226 0.999729 2.6155
-0.913341 -0.407007 0.0124163 121.87 0.407182 -0.913135 0.0196716 -20.263 0.00333129 0.0230226 0.999729 2.6155
-0.198196 -0.979906 0.0224253 118.783 0.979987 -0.197676 0.0234274 -20.4853 -0.0185237 0.0266197 0.999474 2.67514
-0.198196 -0.979906 0.0224253 114.13 0.979987 -0.197676 0.0234274 -20.4264 -0.0185237 0.0266197 0.999474 2.67514
-0.067583 -0.997713 -0.00113305 108.666 0.997556 -0.0675925 0.0176938 -20.1562 -0.0177299 6.55223e-05 0.999843 2.53262
-0.067583 -0.997713 -0.00113305 102.34 0.997556 -0.0675925 0.0176938 -19.8432 -0.0177299 6.55223e-05 0.999843 2.53262
-0.081788 -0.99664 -0.00437781 95.4204 0.99631 -0.081874 0.0257428 -19.5261 -0.0260147 -0.0022562 0.999659 2.41047
-0.081788 -0.99664 -0.00437781 87.9749 0.99631 -0.081874 0.0257428 -19.1964 -0.0260147 -0.0022562 0.999659 2.41047
-0.0810503 -0.996654 -0.0105767 80.1894 0.996546 -0.0812247 0.017258 -18.7692 -0.0180593 -0.00914145 0.999795 2.14452
-0.0810503 -0.996654 -0.0105767 72.1531 0.996546 -0.0812247 0.017258 -18.385 -0.0180593 -0.00914145 0.999795 2.14452
-0.0800047 -0.996629 -0.0181739 63.7044 0.996603 -0.0803333 0.0181373 -17.9931 -0.0195361 -0.0166611 0.99967 1.85594
-0.0800047 -0.996629 -0.0181739 54.8983 0.996603 -0.0803333 0.0181373 -17.6234 -0.0195361 -0.0166611 0.99967 1.85594
-0.0832435 -0.996268 -0.0228083 45.8659 0.996163 -0.0838113 0.0251862 -17.2467 -0.0270038 -0.0206242 0.999423 1.50641
-0.0832435 -0.996268 -0.0228083 36.8732 0.996163 -0.0838113 0.0251862 -16.851 -0.0270038 -0.0206242 0.999423 1.50641
-0.0762783 -0.997025 -0.0110535 28.2789 0.996944 -0.0764503 0.0160735 -16.3589 -0.0168707 -0.00979364 0.99981 0.98191
-0.0606925 -0.99794 -0.0208068 20.2976 0.997714 -0.0612733 0.0285126 -15.8555 -0.0297288 -0.0190287 0.999377 0.638183
-0.0606925 -0.99794 -0.0208068 13.2093 0.997714 -0.0612733 0.0285126 -15.437 -0.0297288 -0.0190287 0.999377 0.638183
-0.0732721 -0.997096 -0.0207417 7.45344 0.99699 -0.0737612 0.023887 -14.9788 -0.0253476 -0.018929 0.999499 0.299315
-0.0732721 -0.997096 -0.0207417 3.51001 0.99699 -0.0737612 0.023887 -14.2181 -0.0253476 -0.018929 0.999499 0.299315
-0.0732721 -0.997096 -0.0207417 0.669224 0.99699 -0.0737612 0.023887 -12.9088 -0.0253476 -0.018929 0.999499 0.299315
0.449639 -0.893013 -0.0187737 -1.40757 0.893209 0.449509 0.0108971 -10.7225 -0.00129226 -0.0216686 0.999764 -0.0361552
0.950881 -0.308539 -0.0250746 -2.09217 0.308362 0.951208 -0.0107309 -8.19862 0.027162 0.00247172 0.999628 -0.145168
0.950881 -0.308539 -0.0250746 -1.82162 0.308362 0.951208 -0.0107309 -5.77727 0.027162 0.00247172 0.999628 -0.145168
0.993507 0.112962 -0.0135461 -1.15017 -0.113352 0.993018 -0.0326667 -2.57488 0.00976139 0.03399 0.999375 -0.0923049
0.993507 0.112962 -0.0135461 -0.571322 -0.113352 0.993018 -0.0326667 1.38963 0.00976139 0.03399 0.999375 -0.0923049
0.995545 -0.0915966 0.0223562 -0.767653 0.0923348 0.995127 -0.0345861 5.91242 -0.0190793 0.0364963 0.999152 0.0309711
0.995545 -0.0915966 0.0223562 -1.21073 0.0923348 0.995127 -0.0345861 10.9662 -0.0190793 0.0364963 0.999152 0.0309711
0.976119 -0.214782 0.0325782 -1.47921 0.215453 0.976335 -0.0186865 16.1925 -0.0277938 0.0252593 0.999295 0.206207
0.994272 -0.103764 0.0256163 -1.21409 0.104149 0.994461 -0.0141776 21.6293 -0.0240033 0.0167644 0.999571 0.248761
0.994272 -0.103764 0.0256163 -0.75747 0.104149 0.994461 -0.0141776 27.1759 -0.0240033 0.0167644 0.999571 0.248761
0.998533 -0.0457955 0.0288775 -0.207143 0.0461729 0.998855 -0.0125406 32.8683 -0.0282702 0.0138556 0.999504 0.255338
0.998533 -0.0457955 0.0288775 0.247457 0.0461729 0.998855 -0.0125406 38.737 -0.0282702 0.0138556 0.999504 0.255338
0.996886 -0.0748396 0.0248625 0.632582 0.0750182 0.997162 -0.00632626 44.7841 -0.0243185 0.0081717 0.999671 0.193449
0.996886 -0.0748396 0.0248625 0.914754 0.0750182 0.997162 -0.00632626 50.7851 -0.0243185 0.0081717 0.999671 0.193449
0.994144 -0.105907 0.0214944 1.10071 0.105984 0.994365 -0.0024516 56.5357 -0.0211136 0.0047153 0.999766 0.179403
0.994144 -0.105907 0.0214944 1.24457 0.105984 0.994365 -0.0024516 62.0113 -0.0211136 0.0047153 0.999766 0.179403
0.993824 -0.109126 0.0201227 1.39369 0.109268 0.993993 -0.00611405 67.1205 -0.0193347 0.00827506 0.999779 0.128294
0.998078 -0.0619707 -0.000750243 1.75895 0.0619647 0.998058 -0.0063515 71.9464 0.00114239 0.0062928 0.99998 0.0571051
0.998078 -0.0619707 -0.000750243 2.31165 0.0619647 0.998058 -0.0063515 76.9118 0.00114239 0.0062928 0.99998 0.0571051
0.999485 -0.0201123 0.0249935 2.92284 0.0200869 0.999797 0.00126971 82.1369 -0.025014 -0.000767011 0.999687 0.008847
0.999485 -0.0201123 0.0249935 3.53581 0.0200869 0.999797 0.00126971 87.6194 -0.025014 -0.000767011 0.999687 0.008847
0.998504 -0.0394055 0.0379169 4.02211 0.0396299 0.999201 -0.00518391 93.3514 -0.0376823 0.00667879 0.999267 -0.103097
0.998504 -0.0394055 0.0379169 4.42605 0.0396299 0.999201 -0.00518391 99.3146 -0.0376823 0.00667879 0.999267 -0.103097
0.996145 -0.0802188 0.0355116 4.75904 0.080066 0.996773 0.00570474 105.548 -0.0358546 -0.00283947 0.999353 -0.264662
0.994985 -0.0946928 0.0322308 5.03914 0.0944718 0.995493 0.00831503 112.075 -0.0328729 -0.00522842 0.999446 -0.48356
0.994985 -0.0946928 0.0322308 5.36396 0.0944718 0.995493 0.00831503 118.787 -0.0328729 -0.00522842 0.999446 -0.48356
0.995894 -0.0831263 0.0358568 5.7178 0.082774 0.996505 0.0112043 125.639 -0.0366629 -0.00819031 0.999294 -0.762573
0.995894 -0.0831263 0.0358568 6.05724 0.082774 0.996505 0.0112043 132.372 -0.0366629 -0.00819031 0.999294 -0.762573
0.996379 -0.0784701 0.0327298 6.40809 0.0781453 0.99688 0.0110896 138.934 -0.0334979 -0.0084918 0.999403 -1.06548
0.996379 -0.0784701 0.0327298 6.76492 0.0781453 0.99688 0.0110896 145.276 -0.0334979 -0.0084918 0.999403 -1.06548
0.996953 -0.0750207 0.0213449 7.14422 0.0746499 0.997053 0.01767 151.018 -0.0226076 -0.0160227 0.999616 -1.36808
0.996953 -0.0750207 0.0213449 7.90371 0.0746499 0.997053 0.01767 155.943 -0.0226076 -0.0160227 0.999616 -1.36808
0.988359 0.151991 0.00671501 9.83086 -0.152082 0.988235 0.0162136 159.849 -0.00417168 -0.0170461 0.999846 -1.69738
0.988359 0.151991 0.00671501 12.7207 -0.152082 0.988235 0.0162136 161.875 -0.00417168 -0.0170461 0.999846 -1.69738
0.436311 0.898678 -0.0448514 15.8227 -0.898566 0.437778 0.0304872 162.294 0.0470331 0.027 0.998528 -1.75574
0.436311 0.898678 -0.0448514 19.3016 -0.898566 0.437778 0.0304872 162.124 0.0470331 0.027 0.998528 -1.75574
0.0472749 0.996863 -0.0634678 23.377 -0.998529 0.048851 0.0235141 161.684 0.0265408 0.0622629 0.997707 -1.50057
0.0472749 0.996863 -0.0634678 27.8352 -0.998529 0.048851 0.0235141 161.149 0.0265408 0.0622629 0.997707 -1.50057
-0.00173326 0.998899 -0.0468785 32.3659 -0.999947 -0.00220819 -0.0100814 160.542 -0.0101738 0.0468585 0.99885 -1.18368
-0.00173326 0.998899 -0.0468785 36.8999 -0.999947 -0.00220819 -0.0100814 159.827 -0.0101738 0.0468585 0.99885 -1.18368
-0.0267672 0.998742 -0.0424053 41.3349 -0.999577 -0.0272252 -0.0102581 159.149 -0.0113997 0.0421128 0.999048 -0.866616
-0.0267672 0.998742 -0.0424053 45.6853 -0.999577 -0.0272252 -0.0102581 158.714 -0.0113997 0.0421128 0.999048 -0.866616
0.0502792 0.997219 -0.0550184 49.9845 -0.998732 0.0503427 -0.000231616 158.355 0.0025388 0.0549603 0.998485 -0.592322
0.0502792 0.997219 -0.0550184 54.5183 -0.998732 0.0503427 -0.000231616 158.237 0.0025388 0.0549603 0.998485 -0.592322
0.106397 0.993345 -0.0441112 59.4003 -0.994253 0.106812 0.00716851 158.182 0.0118324 0.043095 0.999001 -0.296439
0.137625 0.990013 -0.0305605 64.7242 -0.990476 0.137431 -0.00837262 158.129 -0.00408905 0.0314217 0.999498 -0.0962465
0.137625 0.990013 -0.0305605 70.5072 -0.990476 0.137431 -0.00837262 158.144 -0.00408905 0.0314217 0.999498 -0.0962465
0.123176 0.991352 -0.0452712 76.5922 -0.992234 0.122233 -0.0230491 158.098 -0.0173162 0.0477587 0.998709 0.117474
0.123176 0.991352 -0.0452712 82.6791 -0.992234 0.122233 -0.0230491 157.993 -0.0173162 0.0477587 0.998709 0.117474
0.108505 0.993433 -0.0363068 88.5094 -0.994074 0.108673 0.00269435 157.87 0.00662223 0.0357993 0.999337 0.524295
0.108505 0.993433 -0.0363068 94.5277 -0.994074 0.108673 0.00269435 157.568 0.00662223 0.0357993 0.999337 0.524295
0.0768939 0.996772 -0.0230707 100.664 -0.996992 0.0766432 -0.0115592 157.223 -0.00975363 0.0238901 0.999667 0.684912
0.0768939 0.996772 -0.0230707 106.339 -0.996992 0.0766432 -0.0115592 156.819 -0.00975363 0.0238901 0.999667 0.684912
0.0568316 0.997456 -0.0430208 111.465 -0.998215 0.0559779 -0.0207969 156.457 -0.0183358 0.0441259 0.998858 0.947958
0.0568316 0.997456 -0.0430208 116.392 -0.998215 0.0559779 -0.0207969 156.079 -0.0183358 0.0441259 0.998858 0.947958
0.0528995 0.997846 -0.038801 120.914 -0.998536 0.0524187 -0.0133078 155.733 -0.0112452 0.0394482 0.999158 1.16848
0.0528995 0.997846 -0.038801 124.831 -0.998536 0.0524187 -0.0133078 155.479 -0.0112452 0.0394482 0.999158 1.16848
0.0706651 0.996809 -0.0371211 128.273 -0.997492 0.0707627 0.00132085 155.235 0.00394343 0.0369347 0.99931 1.34365
0.0706651 0.996809 -0.0371211 130.787 -0.997492 0.0707627 0.00132085 154.962 0.00394343 0.0369347 0.99931 1.34365
-0.0265064 0.999435 -0.0206424 132.521 -0.999643 -0.0264291 0.00400804 154.322 0.00346021 0.0207413 0.999779 1.47295
-0.0265064 0.999435 -0.0206424 133.936 -0.999643 -0.0264291 0.00400804 153.313 0.00346021 0.0207413 0.999779 1.47295
-0.570079 0.820683 -0.0385933 135.165 -0.821577 -0.569703 0.0212033 151.884 -0.00458557 0.0437949 0.99903 1.50366
-0.570079 0.820683 -0.0385933 136.089 -0.821577 -0.569703 0.0212033 149.314 -0.00458557 0.0437949 0.99903 1.50366
-0.969536 0.244923 -0.00350746 136.296 -0.244856 -0.968681 0.0412724 145.897 0.00671096 0.040874 0.999142 1.69843
-0.969536 0.244923 -0.00350746 136.266 -0.244856 -0.968681 0.0412724 142.667 0.00671096 0.040874 0.999142 1.69843
-0.989833 0.141995 0.00822646 136.322 -0.141668 -0.989401 0.0318689 139.735 0.0126645 0.0303794 0.999458 1.83214
-0.989833 0.141995 0.00822646 136.229 -0.141668 -0.989401 0.0318689 136.348 0.0126645 0.0303794 0.999458 1.83214
-0.995802 0.0906788 0.012522 135.992 -0.0902525 -0.99543 0.0312081 132.354 0.0152947 0.0299469 0.999435 1.90711
-0.995802 0.0906788 0.012522 135.624 -0.0902525 -0.99543 0.0312081 127.738 0.0152947 0.0299469 0.999435 1.90711
-0.997483 0.0693696 0.0146694 135.27 -0.0689586 -0.997257 0.026876 122.968 0.0164936 0.0257968 0.999531 2.00521
-0.997483 0.0693696 0.0146694 134.968 -0.0689586 -0.997257 0.026876 117.952 0.0164936 0.0257968 0.999531 2.00521
-0.995588 0.0899694 0.0266373 134.701 -0.0892183 -0.995614 0.028158 112.865 0.0290538 0.0256572 0.999248 2.16021
-0.995588 0.0899694 0.0266373 134.438 -0.0892183 -0.995614 0.028158 107.662 0.0290538 0.0256572 0.999248 2.16021
-0.995568 0.0890839 0.0301325 134.126 -0.0882839 -0.995732 0.0269135 102.373 0.0324015 0.024134 0.999184 2.30311
-0.998227 0.0535843 0.0259347 133.837 -0.052949 -0.998294 0.0245917 97.3632 0.0272082 0.0231748 0.999361 2.43208
-0.998227 0.0535843 0.0259347 133.651 -0.052949 -0.998294 0.0245917 92.665 0.0272082 0.0231748 0.999361 2.43208
-0.996288 0.0823382 0.025108 133.387 -0.0817039 -0.996335 0.0253228 88.2062 0.027101 0.0231774 0.999364 2.53533
-0.996288 0.0823382 0.025108 133.164 -0.0817039 -0.996335 0.0253228 83.777 0.027101 0.0231774 0.999364 2.53533
-0.995114 0.0936064 0.031413 132.961 -0.0929084 -0.995409 0.0229915 79.3757 0.0334209 0.0199606 0.999242 2.66544
-0.995114 0.0936064 0.031413 132.773 -0.0929084 -0.995409 0.0229915 74.9295 0.0334209 0.0199606 0.999242 2.66544
-0.9969 0.071758 0.0322618 132.479 -0.0712316 -0.997312 0.0171803 70.6923 0.0334079 0.0148289 0.999332 2.74755
-0.999013 0.0359415 0.0260842 132.142 -0.0356048 -0.999278 0.0132594 66.5613 0.0265419 0.0123176 0.999572 2.75601
-0.999013 0.0359415 0.0260842 131.908 -0.0356048 -0.999278 0.0132594 62.2811 0.0265419 0.0123176 0.999572 2.75601
-0.992903 0.117575 0.0178771 131.743 -0.117253 -0.992936 0.0181356 57.8321 0.0198832 0.0159108 0.999676 2.74828
-0.992903 0.117575 0.0178771 131.624 -0.117253 -0.992936 0.0181356 53.4507 0.0198832 0.0159108 0.999676 2.74828
-0.992903 0.117575 0.0178771 131.513 -0.117253 -0.992936 0.0181356 49.2826 0.0198832 0.0159108 0.999676 2.74828
-0.993048 0.114259 0.0283032 131.397 -0.113925 -0.993402 0.0131711 45.4368 0.0296213 0.00985505 0.999513 2.76253
-0.995411 0.0920494 0.0261338 131.237 -0.0917157 -0.995691 0.0136955 41.6524 0.0272819 0.0112358 0.999565 2.71579
-0.995411 0.0920494 0.0261338 131.105 -0.0917157 -0.995691 0.0136955 37.4276 0.0272819 0.0112358 0.999565 2.71579
-0.995041 0.0970378 0.0218641 130.936 -0.096887 -0.995264 0.00785865 32.7219 0.0225231 0.00570133 0.99973 2.71934
-0.995041 0.0970378 0.0218641 130.615 -0.096887 -0.995264 0.00785865 27.8772 0.0225231 0.00570133 0.99973 2.71934
-0.997242 0.0701787 0.0241553 130.313 -0.0700199 -0.997518 0.00735859 23.2288 0.0246118 0.00564694 0.999681 2.68183
-0.997242 0.0701787 0.0241553 129.9 -0.0700199 -0.997518 0.00735859 18.6347 0.0246118 0.00564694 0.999681 2.68183
-0.997242 0.0701787 0.0241553 129.36 -0.0700199 -0.997518 0.00735859 13.914 0.0246118 0.00564694 0.999681 2.68183
-0.997242 0.0701787 0.0241553 128.702 -0.0700199 -0.997518 0.00735859 9.36927 0.0246118 0.00564694 0.999681 2.68183
-0.997242 0.0701787 0.0241553 128.055 -0.0700199 -0.997518 0.00735859 5.30371 0.0246118 0.00564694 0.999681 2.68183
-0.997242 0.0701787 0.0241553 127.652 -0.0700199 -0.997518 0.00735859 1.88446 0.0246118 0.00564694 0.999681 2.68183
-0.997242 0.0701787 0.0241553 127.381 -0.0700199 -0.997518 0.00735859 -1.01717 0.0246118 0.00564694 0.999681 2.68183
-0.997242 0.0701787 0.0241553 127.185 -0.0700199 -0.997518 0.00735859 -3.55809 0.0246118 0.00564694 0.999681 2.68183
-0.997242 0.0701787 0.0241553 127.047 -0.0700199 -0.997518 0.00735859 -5.58426 0.0246118 0.00564694 0.999681 2.68183
-0.997242 0.0701787 0.0241553 127.021 -0.0700199 -0.997518 0.00735859 -6.54181 0.0246118 0.00564694 0.999681 2.68183
-0.997242 0.0701787 0.0241553 127.051 -0.0700199 -0.997518 0.00735859 -6.73927 0.0246118 0.00564694 0.999681 2.68183
-0.997242 0.0701787 0.0241553 127.067 -0.0700199 -0.997518 0.00735859 -6.98587 0.0246118 0.00564694 0.999681 2.68183
-0.997242 0.0701787 0.0241553 126.959 -0.0700199 -0.997518 0.00735859 -8.37078 0.0246118 0.00564694 0.999681 2.68183
-0.997242 0.0701787 0.0241553 126.875 -0.0700199 -0.997518 0.00735859 -10.3306 0.0246118 0.00564694 0.999681 2.68183
-0.997242 0.0701787 0.0241553 126.747 -0.0700199 -0.997518 0.00735859 -12.1987 0.0246118 0.00564694 0.999681 2.68183
-0.997242 0.0701787 0.0241553 126.71 -0.0700199 -0.997518 0.00735859 -13.43 0.0246118 0.00564694 0.999681 2.68183
-0.997242 0.0701787 0.0241553 126.642 -0.0700199 -0.997518 0.00735859 -14.7056 0.0246118 0.00564694 0.999681 2.68183
-0.998489 0.0515192 -0.0191203 126.376 -0.0518539 -0.998502 0.0174396 -15.9713 -0.0181932 0.0184047 0.999665 2.55151
-0.998489 0.0515192 -0.0191203 126.258 -0.0518539 -0.998502 0.0174396 -17.2627 -0.0181932 0.0184047 0.999665 2.55151
-0.994054 -0.108359 0.0106968 125.78 0.108545 -0.993917 0.0186368 -18.5699 0.00861221 0.0196871 0.999769 2.60597
-0.994054 -0.108359 0.0106968 124.663 0.108545 -0.993917 0.0186368 -19.7277 0.00861221 0.0196871 0.999769 2.60597
-0.661966 -0.749508 0.00623087 123.166 0.749343 -0.661587 0.0280627 -20.4487 -0.0169109 0.0232456 0.999587 2.63402
-0.661966 -0.749508 0.00623087 121.542 0.749343 -0.661587 0.0280627 -20.7938 -0.0169109 0.0232456 0.999587 2.63402
-0.158817 -0.987187 0.0154346 119.51 0.987154 -0.158497 0.020141 -20.8957 -0.0174366 0.018435 0.999678 2.66328
-0.158817 -0.987187 0.0154346 117.311 0.987154 -0.158497 0.020141 -20.8477 -0.0174366 0.018435 0.999678 2.66328
-0.0756131 -0.997111 0.00729351 114.926 0.996797 -0.075394 0.0266862 -20.7303 -0.0260592 0.00928797 0.999617 2.64652
-0.0756131 -0.997111 0.00729351 111.791 0.996797 -0.075394 0.0266862 -20.5612 -0.0260592 0.00928797 0.999617 2.64652
-0.0756131 -0.997111 0.00729351 108.35 0.996797 -0.075394 0.0266862 -20.4446 -0.0260592 0.00928797 0.999617 2.64652
-0.086388 -0.996254 -0.00391201 104.598 0.996216 -0.086421 0.00925613 -20.2827 -0.00955953 -0.00309759 0.99995 2.54873
-0.0847305 -0.996378 -0.00724625 100.51 0.996287 -0.0848297 0.0146996 -20.0831 -0.0152611 -0.00597384 0.999866 2.45131
-0.0847305 -0.996378 -0.00724625 96.0706 0.996287 -0.0848297 0.0146996 -19.8297 -0.0152611 -0.00597384 0.999866 2.45131
-0.0795936 -0.996827 0.000754314 91.1277 0.996615 -0.079561 0.0207014 -19.5969 -0.0205757 0.00239946 0.999785 2.37354
-0.0795936 -0.996827 0.000754314 85.7354 0.996615 -0.079561 0.0207014 -19.3558 -0.0205757 0.00239946 0.999785 2.37354
-0.0765473 -0.997023 -0.00924417 80.161 0.996934 -0.076685 0.0155872 -19.0272 -0.0162497 -0.00802267 0.999836 2.14259
-0.0765473 -0.997023 -0.00924417 74.4659 0.996934 -0.076685 0.0155872 -18.7514 -0.0162497 -0.00802267 0.999836 2.14259
-0.0783293 -0.996877 -0.0100129 68.561 0.99661 -0.0785539 0.0244458 -18.5085 -0.025156 -0.00806409 0.999651 1.94853
-0.0783293 -0.996877 -0.0100129 62.7946 0.99661 -0.0785539 0.0244458 -18.2663 -0.025156 -0.00806409 0.999651 1.94853
-0.0817539 -0.996612 -0.00900141 57.3836 0.996436 -0.0819211 0.0201111 -18.0371 -0.0207804 -0.00732517 0.999757 1.66885
-0.0817539 -0.996612 -0.00900141 52.6247 0.996436 -0.0819211 0.0201111 -17.8385 -0.0207804 -0.00732517 0.999757 1.66885
-0.0800168 -0.996486 -0.0247756 48.2541 0.996298 -0.0807363 0.0295454 -17.6518 -0.0314418 -0.0223198 0.999256 1.43964
-0.0772642 -0.996843 -0.0182761 43.8043 0.996842 -0.0775753 0.0169722 -17.4162 -0.0183364 -0.016907 0.999689 1.19018
-0.0772642 -0.996843 -0.0182761 38.8856 0.996842 -0.0775753 0.0169722 -17.1942 -0.0183364 -0.016907 0.999689 1.19018
-0.0801082 -0.996754 -0.0080544 33.2032 0.99664 -0.0802322 0.0164666 -16.8643 -0.0170594 -0.00670823 0.999832 0.923359
-0.0801082 -0.996754 -0.0080544 27.018 0.99664 -0.0802322 0.0164666 -16.5382 -0.0170594 -0.00670823 0.999832 0.923359
-0.0775094 -0.9969 -0.0135375 20.716 0.996579 -0.0778608 0.0277067 -16.2227 -0.0286749 -0.0113437 0.999524 0.713669
-0.0775094 -0.9969 -0.0135375 14.7441 0.996579 -0.0778608 0.0277067 -15.8913 -0.0286749 -0.0113437 0.999524 0.713669
-0.0719126 -0.997245 -0.0182074 9.55523 0.997115 -0.0723241 0.0230546 -15.6825 -0.0243079 -0.0164969 0.999568 0.39475
-0.0719126 -0.997245 -0.0182074 5.55209 0.997115 -0.0723241 0.0230546 -15.322 -0.0243079 -0.0164969 0.999568 0.39475
-0.0222864 -0.999573 -0.0189169 2.1487 0.99957 -0.0226394 0.0186577 -14.4985 -0.019078 -0.0184929 0.999647 0.130552
-0.0222864 -0.999573 -0.0189169 -0.458664 0.99957 -0.0226394 0.0186577 -12.8515 -0.019078 -0.0184929 0.999647 0.130552
0.606076 -0.7944 -0.0400039 -1.98858 0.795031 0.606569 -0.000223087 -10.5344 0.0244424 -0.0316692 0.9992 -0.0583105
0.606076 -0.7944 -0.0400039 -2.31943 0.795031 0.606569 -0.000223087 -7.41663 0.0244424 -0.0316692 0.9992 -0.0583105
0.991105 -0.132078 -0.0162912 -1.98611 0.131695 0.991031 -0.0226866 -3.52234 0.0191415 0.0203393 0.99961 -0.172869
0.991105 -0.132078 -0.0162912 -1.24278 0.131695 0.991031 -0.0226866 0.605449 0.0191415 0.0203393 0.99961 -0.172869
0.998432 0.054742 0.0116558 -0.452823 -0.0543079 0.997919 -0.0347705 3.56098 -0.0135349 0.034083 0.999327 0.00697374
0.989812 0.139303 0.0294521 0.0806121 -0.138554 0.99001 -0.0261222 5.40392 -0.0327967 0.0217753 0.999225 0.0944247
0.989812 0.139303 0.0294521 0.447911 -0.138554 0.99001 -0.0261222 6.85831 -0.0327967 0.0217753 0.999225 0.0944247
0.994516 0.0950043 0.0437263 0.650496 -0.093937 0.995242 -0.0258509 8.10448 -0.0459742 0.0216016 0.998709 0.111693
0.994516 0.0950043 0.0437263 0.653822 -0.093937 0.995242 -0.0258509 9.13379 -0.0459742 0.0216016 0.998709 0.111693
0.995848 -0.0731002 0.0542497 0.599467 0.074143 0.997095 -0.0174636 9.49953 -0.0528155 0.0214133 0.998375 0.140911
0.995848 -0.0731002 0.0542497 0.655764 0.074143 0.997095 -0.0174636 9.48863 -0.0528155 0.0214133 0.998375 0.140911
0.992813 -0.107008 0.0535855 0.676787 0.108176 0.993943 -0.0193873 9.4696 -0.0511863 0.0250446 0.998375 0.140932
