1 0 0 0 0 1 0 0 -0 0 1 0
1 0 0 0 0 1 0 0 -0 0 1 0
0.998564 -0.0529508 0.00815233 0.306785 0.053186 0.998072 -0.0320045 -1.66413 -0.00644195 0.0323921 0.999454 -0.0132493
0.998564 -0.0529508 0.00815233 0.306785 0.053186 0.998072 -0.0320045 -1.66413 -0.00644195 0.0323921 0.999454 -0.0132493
0.998567 -0.0528836 0.00824152 0.300038 0.0531221 0.998073 -0.032065 -1.66305 -0.00652993 0.0324569 0.999452 -0.0133635
0.998575 -0.0527677 0.00797178 0.299711 0.0529972 0.998081 -0.0320243 -1.66073 -0.00626664 0.0324011 0.999455 -0.0120192
0.998575 -0.0527677 0.00797178 0.299711 0.0529972 0.998081 -0.0320243 -1.66073 -0.00626664 0.0324011 0.999455 -0.0120192
0.998572 -0.0527998 0.00816612 0.300267 0.0530358 0.998078 -0.0320467 -1.66246 -0.00645836 0.032434 0.999453 -0.0123156
0.998572 -0.0527998 0.00816612 0.300267 0.0530358 0.998078 -0.0320467 -1.66246 -0.00645836 0.032434 0.999453 -0.0123156
0.998577 -0.0526941 0.00821553 0.30081 0.0529319 0.998083 -0.032075 -1.66554 -0.00650962 0.0324642 0.999452 -0.012356
0.998569 -0.0528515 0.0081571 0.300452 0.0530874 0.998074 -0.0320873 -1.66291 -0.00644553 0.0324744 0.999452 -0.0124627
0.998569 -0.0528515 0.0081571 0.300452 0.0530874 0.998074 -0.0320873 -1.66291 -0.00644553 0.0324744 0.999452 -0.0124627
0.998574 -0.0527684 0.00812932 0.300214 0.0530035 0.998078 -0.0320979 -1.66098 -0.00641994 0.032483 0.999452 -0.0116944
0.998574 -0.0527684 0.00812932 0.300214 0.0530035 0.998078 -0.0320979 -1.66098 -0.00641994 0.032483 0.999452 -0.0116944
0.998574 -0.0527484 0.00823769 0.300735 0.0529869 0.99808 -0.0320818 -1.66387 -0.0065296 0.0324726 0.999451 -0.0112969
0.998574 -0.0527484 0.00823769 0.300735 0.0529869 0.99808 -0.0320818 -1.66387 -0.0065296 0.0324726 0.999451 -0.0112969
0.998574 -0.0527484 0.00823769 0.300735 0.0529869 0.99808 -0.0320818 -1.66387 -0.0065296 0.0324726 0.999451 -0.0112969
0.998574 -0.0527484 0.00823769 0.300735 0.0529869 0.99808 -0.0320818 -1.66387 -0.0065296 0.0324726 0.999451 -0.0112969
0.998574 -0.0527484 0.00823769 0.300735 0.0529869 0.99808 -0.0320818 -1.66387 -0.0065296 0.0324726 0.999451 -0.0112969
0.998574 -0.0527484 0.00823769 0.300735 0.0529869 0.99808 -0.0320818 -1.66387 -0.0065296 0.0324726 0.999451 -0.0112969
0.998574 -0.0527484 0.00823769 0.300735 0.0529869 0.99808 -0.0320818 -1.66387 -0.0065296 0.0324726 0.999451 -0.0112969
0.998574 -0.0527484 0.00823769 0.300735 0.0529869 0.99808 -0.0320818 -1.66387 -0.0065296 0.0324726 0.999451 -0.0112969
0.998574 -0.0527484 0.00823769 0.300735 0.0529869 0.99808 -0.0320818 -1.66387 -0.0065296 0.0324726 0.999451 -0.0112969
0.998574 -0.0527484 0.00823769 0.300735 0.0529869 0.99808 -0.0320818 -1.66387 -0.0065296 0.0324726 0.999451 -0.0112969
0.998574 -0.0527484 0.00823769 0.300735 0.0529869 0.99808 -0.0320818 -1.66387 -0.0065296 0.0324726 0.999451 -0.0112969
0.998574 -0.0527484 0.00823769 0.300735 0.0529869 0.99808 -0.0320818 -1.66387 -0.0065296 0.0324726 0.999451 -0.0112969
0.998574 -0.0527484 0.00823769 0.300735 0.0529869 0.99808 -0.0320818 -1.66387 -0.0065296 0.0324726 0.999451 -0.0112969
0.998574 -0.0527484 0.00823769 0.300735 0.0529869 0.99808 -0.0320818 -1.66387 -0.0065296 0.0324726 0.999451 -0.0112969
0.998574 -0.0527484 0.00823769 0.300735 0.0529869 0.99808 -0.0320818 -1.66387 -0.0065296 0.0324726 0.999451 -0.0112969
0.998574 -0.0527484 0.00823769 0.300735 0.0529869 0.99808 -0.0320818 -1.66387 -0.0065296 0.0324726 0.999451 -0.0112969
0.998574 -0.0527484 0.00823769 0.300735 0.0529869 0.99808 -0.0320818 -1.66387 -0.0065296 0.0324726 0.999451 -0.0112969
0.998574 -0.0527484 0.00823769 0.300735 0.0529869 0.99808 -0.0320818 -1.66387 -0.0065296 0.0324726 0.999451 -0.0112969
0.998574 -0.0527484 0.00823769 0.300735 0.0529869 0.99808 -0.0320818 -1.66387 -0.0065296 0.0324726 0.999451 -0.0112969
0.998574 -0.0527484 0.00823769 0.300735 0.0529869 0.99808 -0.0320818 -1.66387 -0.0065296 0.0324726 0.999451 -0.0112969
0.998574 -0.0527484 0.00823769 0.300735 0.0529869 0.99808 -0.0320818 -1.66387 -0.0065296 0.0324726 0.999451 -0.0112969
0.998574 -0.0527484 0.00823769 0.300735 0.0529869 0.99808 -0.0320818 -1.66387 -0.0065296 0.0324726 0.999451 -0.0112969
0.998574 -0.0527484 0.00823769 0.300735 0.0529869 0.99808 -0.0320818 -1.66387 -0.0065296 0.0324726 0.999451 -0.0112969
0.998574 -0.0527484 0.00823769 0.300735 0.0529869 0.99808 -0.0320818 -1.66387 -0.0065296 0.0324726 0.999451 -0.0112969
0.998574 -0.0527484 0.00823769 0.300735 0.0529869 0.99808 -0.0320818 -1.66387 -0.0065296 0.0324726 0.999451 -0.0112969
0.998574 -0.0527484 0.00823769 0.300735 0.0529869 0.99808 -0.0320818 -1.66387 -0.0065296 0.0324726 0.999451 -0.0112969
0.998574 -0.0527484 0.00823769 0.300735 0.0529869 0.99808 -0.0320818 -1.66387 -0.0065296 0.0324726 0.999451 -0.0112969
0.998574 -0.0527484 0.00823769 0.300735 0.0529869 0.99808 -0.0320818 -1.66387 -0.0065296 0.0324726 0.999451 -0.0112969
0.996913 -0.0774044 -0.0131659 -5.25085 0.077298 0.996973 -0.00840545 65.913 0.0137766 0.0073618 0.999878 0.0639164
0.998989 -0.0449429 -0.0010686 -5.36526 0.0449305 0.998943 -0.00966927 72.3047 0.00150204 0.00961148 0.999953 0.0406665
0.998989 -0.0449429 -0.0010686 -5.36526 0.0449305 0.998943 -0.00966927 72.3047 0.00150204 0.00961148 0.999953 0.0406665
0.997495 -0.0696111 0.0125328 -5.36887 0.0696838 0.997554 -0.00545605 81.4439 -0.0121224 0.00631572 0.999907 -0.0649619
0.997495 -0.0696111 0.0125328 -5.36887 0.0696838 0.997554 -0.00545605 81.4439 -0.0121224 0.00631572 0.999907 -0.0649619
0.998755 -0.0484227 0.0119581 -5.61322 0.0484201 0.998827 0.000504704 90.8606 -0.0119685 7.4939e-05 0.999928 -0.104309
0.998755 -0.0484227 0.0119581 -5.61322 0.0484201 0.998827 0.000504704 90.8606 -0.0119685 7.4939e-05 0.999928 -0.104309
0.998417 -0.049823 0.0261027 -5.6368 0.0495994 0.998727 0.00914419 100.827 -0.026525 -0.00783503 0.999617 -0.31057
0.99713 -0.068035 0.0332128 -5.78181 0.067881 0.997677 0.00574375 111.578 -0.0335264 -0.00347275 0.999432 -0.566963
0.99713 -0.068035 0.0332128 -5.78181 0.067881 0.997677 0.00574375 111.578 -0.0335264 -0.00347275 0.999432 -0.566963
0.996659 -0.0743916 0.0337279 -6.10404 0.0741321 0.997209 0.00888219 122.004 -0.0342945 -0.00635219 0.999392 -0.785174
0.996659 -0.0743916 0.0337279 -6.10404 0.0741321 0.997209 0.00888219 122.004 -0.0342945 -0.00635219 0.999392 -0.785174
0.996828 -0.0710335 0.0358789 -6.40885 0.0706548 0.997432 0.0117183 132.238 -0.0366191 -0.00914609 0.999287 -1.05606
0.996828 -0.0710335 0.0358789 -6.40885 0.0706548 0.997432 0.0117183 132.238 -0.0366191 -0.00914609 0.999287 -1.05606
0.997261 -0.0702799 0.0230689 -6.71313 0.0699989 0.997465 0.0127697 141.866 -0.0239079 -0.01112 0.999652 -1.27561
0.999191 -0.0309309 0.0257182 -6.85775 0.0303926 0.999316 0.0210666 150.187 -0.0263522 -0.0202679 0.999447 -1.51686
0.999191 -0.0309309 0.0257182 -6.85775 0.0303926 0.999316 0.0210666 150.187 -0.0263522 -0.0202679 0.999447 -1.51686
0.956198 0.292497 0.0114634 -6.05147 -0.292589 0.956209 0.00745184 156.063 -0.00878176 -0.0104795 0.999907 -1.7331
0.956198 0.292497 0.0114634 -6.05147 -0.292589 0.956209 0.00745184 156.063 -0.00878176 -0.0104795 0.999907 -1.7331
0.538025 0.841661 -0.0462138 -2.86303 -0.842429 0.538785 0.00490895 159.417 0.029031 0.0362907 0.99892 -1.7926
0.538025 0.841661 -0.0462138 -2.86303 -0.842429 0.538785 0.00490895 159.417 0.029031 0.0362907 0.99892 -1.7926
0.147361 0.987276 -0.0597554 3.0941 -0.98892 0.148163 0.00919506 160.744 0.0179316 0.0577384 0.998171 -1.55538
0.147361 0.987276 -0.0597554 3.0941 -0.98892 0.148163 0.00919506 160.744 0.0179316 0.0577384 0.998171 -1.55538
0.0777154 0.995684 -0.0507318 10.6684 -0.996976 0.0776041 -0.00416238 161.107 -0.000207422 0.0509019 0.998704 -1.26456
0.0777154 0.995684 -0.0507318 10.6684 -0.996976 0.0776041 -0.00416238 161.107 -0.000207422 0.0509019 0.998704 -1.26456
0.0972124 0.993882 -0.0524178 19.4863 -0.995264 0.0970633 -0.00538821 161.456 -0.000267392 0.0526934 0.998611 -0.96648
0.0972124 0.993882 -0.0524178 19.4863 -0.995264 0.0970633 -0.00538821 161.456 -0.000267392 0.0526934 0.998611 -0.96648
0.0986825 0.993704 -0.0530409 29.6907 -0.994981 0.0994155 0.0113564 162.107 0.016558 0.051654 0.998528 -0.613139
0.0986825 0.993704 -0.0530409 29.6907 -0.994981 0.0994155 0.0113564 162.107 0.016558 0.051654 0.998528 -0.613139
0.0778675 0.996068 -0.0422624 39.5813 -0.996809 0.0785311 0.0142725 162.576 0.0175353 0.0410162 0.999005 -0.301315
0.0778675 0.996068 -0.0422624 39.5813 -0.996809 0.0785311 0.0142725 162.576 0.0175353 0.0410162 0.999005 -0.301315
0.0770301 0.996452 -0.0339078 50.3848 -0.997012 0.0767901 -0.00832696 162.881 -0.00569363 0.034448 0.99939 0.0103165
0.0770301 0.996452 -0.0339078 50.3848 -0.997012 0.0767901 -0.00832696 162.881 -0.00569363 0.034448 0.99939 0.0103165
0.0782074 0.995864 -0.0462518 59.7692 -0.996843 0.0774768 -0.0173847 163.192 -0.0137294 0.0474654 0.998779 0.190848
0.0782074 0.995864 -0.0462518 59.7692 -0.996843 0.0774768 -0.0173847 163.192 -0.0137294 0.0474654 0.998779 0.190848
0.0705863 0.997127 -0.0274977 72.9456 -0.997391 0.0709698 0.0132272 163.694 0.0151407 0.0264923 0.999534 0.569448
0.0705863 0.997127 -0.0274977 72.9456 -0.997391 0.0709698 0.0132272 163.694 0.0151407 0.0264923 0.999534 0.569448
0.0646075 0.997374 -0.0327321 82.7286 -0.997909 0.0646417 -1.21798e-05 163.886 0.00210371 0.0326645 0.999464 0.719392
0.0646075 0.997374 -0.0327321 82.7286 -0.997909 0.0646417 -1.21798e-05 163.886 0.00210371 0.0326645 0.999464 0.719392
0.0734468 0.996301 -0.0446056 91.3797 -0.997259 0.0729673 -0.012287 164.103 -0.00898682 0.0453858 0.998929 0.92958
0.0734468 0.996301 -0.0446056 91.3797 -0.997259 0.0729673 -0.012287 164.103 -0.00898682 0.0453858 0.998929 0.92958
0.0954608 0.994824 -0.0348298 99.7865 -0.995426 0.0952667 -0.00719493 164.443 -0.00383957 0.0353574 0.999367 1.1347
0.0954608 0.994824 -0.0348298 99.7865 -0.995426 0.0952667 -0.00719493 164.443 -0.00383957 0.0353574 0.999367 1.1347
0.110805 0.993069 -0.0391939 107.839 -0.993836 0.110578 -0.00791335 164.965 -0.00352452 0.0398292 0.9992 1.31977
0.110805 0.993069 -0.0391939 107.839 -0.993836 0.110578 -0.00791335 164.965 -0.00352452 0.0398292 0.9992 1.31977
0.0174177 0.99937 -0.0309367 113.527 -0.999829 0.0172153 -0.006797 165.148 -0.00626013 0.0310498 0.999498 1.44735
0.0174177 0.99937 -0.0309367 113.527 -0.999829 0.0172153 -0.006797 165.148 -0.00626013 0.0310498 0.999498 1.44735
-0.433428 0.900927 -0.021677 117.736 -0.901167 -0.433457 0.00360369 164.026 -0.00614936 0.0210965 0.999759 1.48384
-0.771982 0.634825 -0.0322645 120.373 -0.635618 -0.77142 0.03002 161.56 -0.00583204 0.0436828 0.999028 1.52532
-0.771982 0.634825 -0.0322645 120.373 -0.635618 -0.77142 0.03002 161.56 -0.00583204 0.0436828 0.999028 1.52532
-0.973826 0.227293 0.000845646 121.824 -0.227128 -0.973249 0.0346167 157.819 0.00869116 0.0335186 0.9994 1.65182
-0.973826 0.227293 0.000845646 121.824 -0.227128 -0.973249 0.0346167 157.819 0.00869116 0.0335186 0.9994 1.65182
-0.993283 0.114938 0.013342 122.357 -0.114368 -0.992726 0.0376196 153.123 0.0175689 0.035841 0.999203 1.75365
-0.993283 0.114938 0.013342 122.357 -0.114368 -0.992726 0.0376196 153.123 0.0175689 0.035841 0.999203 1.75365
-0.994063 0.10734 0.0177792 122.692 -0.106732 -0.993766 0.0322013 148.569 0.0211248 0.0301125 0.999323 1.82981
-0.994063 0.10734 0.0177792 122.692 -0.106732 -0.993766 0.0322013 148.569 0.0211248 0.0301125 0.999323 1.82981
-0.994063 0.10734 0.0177792 122.692 -0.106732 -0.993766 0.0322013 148.569 0.0211248 0.0301125 0.999323 1.82981
-0.994063 0.10734 0.0177792 122.692 -0.106732 -0.993766 0.0322013 148.569 0.0211248 0.0301125 0.999323 1.82981
-0.994063 0.10734 0.0177792 122.692 -0.106732 -0.993766 0.0322013 148.569 0.0211248 0.0301125 0.999323 1.82981
-0.994063 0.10734 0.0177792 122.692 -0.106732 -0.993766 0.0322013 148.569 0.0211248 0.0301125 0.999323 1.82981
-0.994063 0.10734 0.0177792 122.692 -0.106732 -0.993766 0.0322013 148.569 0.0211248 0.0301125 0.999323 1.82981
-0.994063 0.10734 0.0177792 122.692 -0.106732 -0.993766 0.0322013 148.569 0.0211248 0.0301125 0.999323 1.82981
-0.994063 0.10734 0.0177792 122.692 -0.106732 -0.993766 0.0322013 148.569 0.0211248 0.0301125 0.999323 1.82981
-0.994063 0.10734 0.0177792 122.692 -0.106732 -0.993766 0.0322013 148.569 0.0211248 0.0301125 0.999323 1.82981
-0.993341 0.111761 0.0279905 124.157 -0.11091 -0.993368 0.0303008 104.814 0.0311913 0.0269946 0.999149 2.49095
-0.993341 0.111761 0.0279905 124.157 -0.11091 -0.993368 0.0303008 104.814 0.0311913 0.0269946 0.999149 2.49095
-0.994127 0.103649 0.0311221 124.734 -0.102861 -0.994357 0.0259409 96.2576 0.0336352 0.0225873 0.999179 2.59963
-0.994127 0.103649 0.0311221 124.734 -0.102861 -0.994357 0.0259409 96.2576 0.0336352 0.0225873 0.999179 2.59963
-0.997472 0.0660584 0.0261995 125.073 -0.0654494 -0.99758 0.0234593 88.0461 0.0276858 0.0216853 0.999381 2.70179
-0.99898 0.03427 0.0293954 125.117 -0.0338299 -0.99931 0.0153408 80.6213 0.0299009 0.0143307 0.99945 2.7361
-0.99898 0.03427 0.0293954 125.117 -0.0338299 -0.99931 0.0153408 80.6213 0.0299009 0.0143307 0.99945 2.7361
-0.994335 0.104933 0.0169576 125.263 -0.104709 -0.994409 0.0136386 70.8288 0.018294 0.0117857 0.999763 2.73319
-0.994335 0.104933 0.0169576 125.263 -0.104709 -0.994409 0.0136386 70.8288 0.018294 0.0117857 0.999763 2.73319
-0.993013 0.115465 0.0243397 125.941 -0.115146 -0.993248 0.0140995 61.5696 0.0258034 0.0111983 0.999604 2.75277
-0.993013 0.115465 0.0243397 125.941 -0.115146 -0.993248 0.0140995 61.5696 0.0258034 0.0111983 0.999604 2.75277
-0.995675 0.0903638 0.0216014 126.657 -0.0900644 -0.995831 0.0144572 49.7896 0.0228177 0.0124491 0.999662 2.71798
-0.995675 0.0903638 0.0216014 126.657 -0.0900644 -0.995831 0.0144572 49.7896 0.0228177 0.0124491 0.999662 2.71798
-0.996139 0.0837881 0.0262027 127.092 -0.0834751 -0.996427 0.0128234 39.4939 0.0271836 0.0105867 0.999574 2.69664
-0.996139 0.0837881 0.0262027 127.092 -0.0834751 -0.996427 0.0128234 39.4939 0.0271836 0.0105867 0.999574 2.69664
-0.996139 0.0837881 0.0262027 127.092 -0.0834751 -0.996427 0.0128234 39.4939 0.0271836 0.0105867 0.999574 2.69664
-0.996139 0.0837881 0.0262027 127.092 -0.0834751 -0.996427 0.0128234 39.4939 0.0271836 0.0105867 0.999574 2.69664
-0.996139 0.0837881 0.0262027 127.092 -0.0834751 -0.996427 0.0128234 39.4939 0.0271836 0.0105867 0.999574 2.69664
-0.996139 0.0837881 0.0262027 127.092 -0.0834751 -0.996427 0.0128234 39.4939 0.0271836 0.0105867 0.999574 2.69664
-0.996139 0.0837881 0.0262027 127.092 -0.0834751 -0.996427 0.0128234 39.4939 0.0271836 0.0105867 0.999574 2.69664
-0.996139 0.0837881 0.0262027 127.092 -0.0834751 -0.996427 0.0128234 39.4939 0.0271836 0.0105867 0.999574 2.69664
-0.996139 0.0837881 0.0262027 127.092 -0.0834751 -0.996427 0.0128234 39.4939 0.0271836 0.0105867 0.999574 2.69664
-0.996139 0.0837881 0.0262027 127.092 -0.0834751 -0.996427 0.0128234 39.4939 0.0271836 0.0105867 0.999574 2.69664
-0.913341 -0.407007 0.0124163 126.105 0.407182 -0.913135 0.0196716 -9.58792 0.00333129 0.0230226 0.999729 2.6155
-0.913341 -0.407007 0.0124163 126.105 0.407182 -0.913135 0.0196716 -9.58792 0.00333129 0.0230226 0.999729 2.6155
-0.198196 -0.979906 0.0224253 121.81 0.979987 -0.197676 0.0234274 -11.7939 -0.0185237 0.0266197 0.999474 2.67514
-0.198196 -0.979906 0.0224253 121.81 0.979987 -0.197676 0.0234274 -11.7939 -0.0185237 0.0266197 0.999474 2.67514
-0.067583 -0.997713 -0.00113305 111.603 0.997556 -0.0675925 0.0176938 -12.2096 -0.0177299 6.55223e-05 0.999843 2.53262
-0.067583 -0.997713 -0.00113305 111.603 0.997556 -0.0675925 0.0176938 -12.2096 -0.0177299 6.55223e-05 0.999843 2.53262
-0.081788 -0.99664 -0.00437781 99.155 0.99631 -0.081874 0.0257428 -12.6472 -0.0260147 -0.0022562 0.999659 2.41047
-0.081788 -0.99664 -0.00437781 99.155 0.99631 -0.081874 0.0257428 -12.6472 -0.0260147 -0.0022562 0.999659 2.41047
-0.0810503 -0.996654 -0.0105767 85.9032 0.996546 -0.0812247 0.017258 -13.1506 -0.0180593 -0.00914145 0.999795 2.14452
-0.0810503 -0.996654 -0.0105767 85.9032 0.996546 -0.0812247 0.017258 -13.1506 -0.0180593 -0.00914145 0.999795 2.14452
-0.0800047 -0.996629 -0.0181739 71.4642 0.996603 -0.0803333 0.0181373 -13.7158 -0.0195361 -0.0166611 0.99967 1.85594
-0.0800047 -0.996629 -0.0181739 71.4642 0.996603 -0.0803333 0.0181373 -13.7158 -0.0195361 -0.0166611 0.99967 1.85594
-0.0832435 -0.996268 -0.0228083 56.0648 0.996163 -0.0838113 0.0251862 -14.3058 -0.0270038 -0.0206242 0.999423 1.50641
-0.0832435 -0.996268 -0.0228083 56.0648 0.996163 -0.0838113 0.0251862 -14.3058 -0.0270038 -0.0206242 0.999423 1.50641
-0.0762783 -0.997025 -0.0110535 39.8629 0.996944 -0.0764503 0.0160735 -14.9873 -0.0168707 -0.00979364 0.99981 0.98191
-0.0606925 -0.99794 -0.0208068 24.6486 0.997714 -0.0612733 0.0285126 -15.3597 -0.0297288 -0.0190287 0.999377 0.638183
-0.0606925 -0.99794 -0.0208068 24.6486 0.997714 -0.0612733 0.0285126 -15.3597 -0.0297288 -0.0190287 0.999377 0.638183
-0.0732721 -0.997096 -0.0207417 11.8898 0.99699 -0.0737612 0.023887 -15.6725 -0.0253476 -0.018929 0.999499 0.299315
-0.0732721 -0.997096 -0.0207417 11.8898 0.99699 -0.0737612 0.023887 -15.6725 -0.0253476 -0.018929 0.999499 0.299315
-0.0732721 -0.997096 -0.0207417 11.8898 0.99699 -0.0737612 0.023887 -15.6725 -0.0253476 -0.018929 0.999499 0.299315
0.449639 -0.893013 -0.0187737 1.65084 0.893209 0.449509 0.0108971 -14.2332 -0.00129226 -0.0216686 0.999764 -0.0361552
0.950881 -0.308539 -0.0250746 -1.10341 0.308362 0.951208 -0.0107309 -10.0989 0.027162 0.00247172 0.999628 -0.145168
0.950881 -0.308539 -0.0250746 -1.10341 0.308362 0.951208 -0.0107309 -10.0989 0.027162 0.00247172 0.999628 -0.145168
0.993507 0.112962 -0.0135461 -0.930865 -0.113352 0.993018 -0.0326667 -6.04268 0.00976139 0.03399 0.999375 -0.0923049
0.993507 0.112962 -0.0135461 -0.930865 -0.113352 0.993018 -0.0326667 -6.04268 0.00976139 0.03399 0.999375 -0.0923049
0.995545 -0.0915966 0.0223562 -0.543387 0.0923348 0.995127 -0.0345861 0.58308 -0.0190793 0.0364963 0.999152 0.0309711
0.995545 -0.0915966 0.0223562 -0.543387 0.0923348 0.995127 -0.0345861 0.58308 -0.0190793 0.0364963 0.999152 0.0309711
0.976119 -0.214782 0.0325782 -1.64291 0.215453 0.976335 -0.0186865 8.18773 -0.0277938 0.0252593 0.999295 0.206207
0.994272 -0.103764 0.0256163 -2.79582 0.104149 0.994461 -0.0141776 17.4745 -0.0240033 0.0167644 0.999571 0.248761
0.994272 -0.103764 0.0256163 -2.79582 0.104149 0.994461 -0.0141776 17.4745 -0.0240033 0.0167644 0.999571 0.248761
0.998533 -0.0457955 0.0288775 -2.95191 0.0461729 0.998855 -0.0125406 26.2108 -0.0282702 0.0138556 0.999504 0.255338
0.998533 -0.0457955 0.0288775 -2.95191 0.0461729 0.998855 -0.0125406 26.2108 -0.0282702 0.0138556 0.999504 0.255338
0.996886 -0.0748396 0.0248625 -3.14855 0.0750182 0.997162 -0.00632626 37.6878 -0.0243185 0.0081717 0.999671 0.193449
0.996886 -0.0748396 0.0248625 -3.14855 0.0750182 0.997162 -0.00632626 37.6878 -0.0243185 0.0081717 0.999671 0.193449
0.994144 -0.105907 0.0214944 -3.71042 0.105984 0.994365 -0.0024516 48.6844 -0.0211136 0.0047153 0.999766 0.179403
0.994144 -0.105907 0.0214944 -3.71042 0.105984 0.994365 -0.0024516 48.6844 -0.0211136 0.0047153 0.999766 0.179403
0.993824 -0.109126 0.0201227 -4.38374 0.109268 0.993993 -0.00611405 58.8094 -0.0193347 0.00827506 0.999779 0.128294
0.998078 -0.0619707 -0.000750243 -4.92012 0.0619647 0.998058 -0.0063515 67.9099 0.00114239 0.0062928 0.99998 0.0571051
0.998078 -0.0619707 -0.000750243 -4.92012 0.0619647 0.998058 -0.0063515 67.9099 0.00114239 0.0062928 0.99998 0.0571051
0.999485 -0.0201123 0.0249935 -4.70736 0.0200869 0.999797 0.00126971 76.8685 -0.025014 -0.000767011 0.999687 0.008847
0.999485 -0.0201123 0.0249935 -4.70736 0.0200869 0.999797 0.00126971 76.8685 -0.025014 -0.000767011 0.999687 0.008847
0.998504 -0.0394055 0.0379169 -4.52322 0.0396299 0.999201 -0.00518391 86.7146 -0.0376823 0.00667879 0.999267 -0.103097
0.998504 -0.0394055 0.0379169 -4.52322 0.0396299 0.999201 -0.00518391 86.7146 -0.0376823 0.00667879 0.999267 -0.103097
0.996145 -0.0802188 0.0355116 -4.73553 0.080066 0.996773 0.00570474 97.3097 -0.0358546 -0.00283947 0.999353 -0.264662
0.994985 -0.0946928 0.0322308 -5.32971 0.0944718 0.995493 0.00831503 108.722 -0.0328729 -0.00522842 0.999446 -0.48356
0.994985 -0.0946928 0.0322308 -5.32971 0.0944718 0.995493 0.00831503 108.722 -0.0328729 -0.00522842 0.999446 -0.48356
0.995894 -0.0831263 0.0358568 -5.84377 0.082774 0.996505 0.0112043 120.85 -0.0366629 -0.00819031 0.999294 -0.762573
0.995894 -0.0831263 0.0358568 -5.84377 0.082774 0.996505 0.0112043 120.85 -0.0366629 -0.00819031 0.999294 -0.762573
0.996379 -0.0784701 0.0327298 -6.33851 0.0781453 0.99688 0.0110896 133.022 -0.0334979 -0.0084918 0.999403 -1.06548
0.996379 -0.0784701 0.0327298 -6.33851 0.0781453 0.99688 0.0110896 133.022 -0.0334979 -0.0084918 0.999403 -1.06548
0.996953 -0.0750207 0.0213449 -6.75848 0.0746499 0.997053 0.01767 144.559 -0.0226076 -0.0160227 0.999616 -1.36808
0.996953 -0.0750207 0.0213449 -6.75848 0.0746499 0.997053 0.01767 144.559 -0.0226076 -0.0160227 0.999616 -1.36808
0.988359 0.151991 0.00671501 -6.57956 -0.152082 0.988235 0.0162136 154.803 -0.00417168 -0.0170461 0.999846 -1.69738
0.988359 0.151991 0.00671501 -6.57956 -0.152082 0.988235 0.0162136 154.803 -0.00417168 -0.0170461 0.999846 -1.69738
0.436311 0.898678 -0.0448514 -1.87869 -0.898566 0.437778 0.0304872 160.737 0.0470331 0.027 0.998528 -1.75574
0.436311 0.898678 -0.0448514 -1.87869 -0.898566 0.437778 0.0304872 160.737 0.0470331 0.027 0.998528 -1.75574
0.0472749 0.996863 -0.0634678 4.87869 -0.998529 0.048851 0.0235141 161.138 0.0265408 0.0622629 0.997707 -1.50057
0.0472749 0.996863 -0.0634678 4.87869 -0.998529 0.048851 0.0235141 161.138 0.0265408 0.0622629 0.997707 -1.50057
-0.00173326 0.998899 -0.0468785 13.5358 -0.999947 -0.00220819 -0.0100814 160.857 -0.0101738 0.0468585 0.99885 -1.18368
-0.00173326 0.998899 -0.0468785 13.5358 -0.999947 -0.00220819 -0.0100814 160.857 -0.0101738 0.0468585 0.99885 -1.18368
-0.0267672 0.998742 -0.0424053 21.8121 -0.999577 -0.0272252 -0.0102581 160.362 -0.0113997 0.0421128 0.999048 -0.866616
-0.0267672 0.998742 -0.0424053 21.8121 -0.999577 -0.0272252 -0.0102581 160.362 -0.0113997 0.0421128 0.999048 -0.866616
0.0502792 0.997219 -0.0550184 30.5642 -0.998732 0.0503427 -0.000231616 160.087 0.0025388 0.0549603 0.998485 -0.592322
0.0502792 0.997219 -0.0550184 30.5642 -0.998732 0.0503427 -0.000231616 160.087 0.0025388 0.0549603 0.998485 -0.592322
0.106397 0.993345 -0.0441112 38.5069 -0.994253 0.106812 0.00716851 160.401 0.0118324 0.043095 0.999001 -0.296439
0.137625 0.990013 -0.0305605 47.4892 -0.990476 0.137431 -0.00837262 161.178 -0.00408905 0.0314217 0.999498 -0.0962465
0.137625 0.990013 -0.0305605 47.4892 -0.990476 0.137431 -0.00837262 161.178 -0.00408905 0.0314217 0.999498 -0.0962465
0.123176 0.991352 -0.0452712 57.7796 -0.992234 0.122233 -0.0230491 162.062 -0.0173162 0.0477587 0.998709 0.117474
0.123176 0.991352 -0.0452712 57.7796 -0.992234 0.122233 -0.0230491 162.062 -0.0173162 0.0477587 0.998709 0.117474
0.108505 0.993433 -0.0363068 69.8125 -0.994074 0.108673 0.00269435 162.998 0.00662223 0.0357993 0.999337 0.524295
0.108505 0.993433 -0.0363068 69.8125 -0.994074 0.108673 0.00269435 162.998 0.00662223 0.0357993 0.999337 0.524295
0.0768939 0.996772 -0.0230707 80.65 -0.996992 0.0766432 -0.0115592 163.505 -0.00975363 0.0238901 0.999667 0.684912
0.0768939 0.996772 -0.0230707 80.65 -0.996992 0.0766432 -0.0115592 163.505 -0.00975363 0.0238901 0.999667 0.684912
0.0568316 0.997456 -0.0430208 92.1529 -0.998215 0.0559779 -0.0207969 163.753 -0.0183358 0.0441259 0.998858 0.947958
0.0568316 0.997456 -0.0430208 92.1529 -0.998215 0.0559779 -0.0207969 163.753 -0.0183358 0.0441259 0.998858 0.947958
0.0528995 0.997846 -0.038801 101.192 -0.998536 0.0524187 -0.0133078 163.866 -0.0112452 0.0394482 0.999158 1.16848
0.0528995 0.997846 -0.038801 101.192 -0.998536 0.0524187 -0.0133078 163.866 -0.0112452 0.0394482 0.999158 1.16848
0.0706651 0.996809 -0.0371211 109.677 -0.997492 0.0707627 0.00132085 164.043 0.00394343 0.0369347 0.99931 1.34365
0.0706651 0.996809 -0.0371211 109.677 -0.997492 0.0707627 0.00132085 164.043 0.00394343 0.0369347 0.99931 1.34365
-0.0265064 0.999435 -0.0206424 115.632 -0.999643 -0.0264291 0.00400804 164.014 0.00346021 0.0207413 0.999779 1.47295
-0.0265064 0.999435 -0.0206424 115.632 -0.999643 -0.0264291 0.00400804 164.014 0.00346021 0.0207413 0.999779 1.47295
-0.570079 0.820683 -0.0385933 119.086 -0.821577 -0.569703 0.0212033 162.405 -0.00458557 0.0437949 0.99903 1.50366
-0.570079 0.820683 -0.0385933 119.086 -0.821577 -0.569703 0.0212033 162.405 -0.00458557 0.0437949 0.99903 1.50366
-0.969536 0.244923 -0.00350746 121.604 -0.244856 -0.968681 0.0412724 157.33 0.00671096 0.040874 0.999142 1.69843
-0.969536 0.244923 -0.00350746 121.604 -0.244856 -0.968681 0.0412724 157.33 0.00671096 0.040874 0.999142 1.69843
-0.989833 0.141995 0.00822646 122.346 -0.141668 -0.989401 0.0318689 150.954 0.0126645 0.0303794 0.999458 1.83214
-0.989833 0.141995 0.00822646 122.346 -0.141668 -0.989401 0.0318689 150.954 0.0126645 0.0303794 0.999458 1.83214
-0.995802 0.0906788 0.012522 122.85 -0.0902525 -0.99543 0.0312081 144.207 0.0152947 0.0299469 0.999435 1.90711
-0.995802 0.0906788 0.012522 122.85 -0.0902525 -0.99543 0.0312081 144.207 0.0152947 0.0299469 0.999435 1.90711
-0.997483 0.0693696 0.0146694 123.106 -0.0689586 -0.997257 0.026876 136.883 0.0164936 0.0257968 0.999531 2.00521
-0.997483 0.0693696 0.0146694 123.106 -0.0689586 -0.997257 0.026876 136.883 0.0164936 0.0257968 0.999531 2.00521
-0.995588 0.0899694 0.0266373 123.436 -0.0892183 -0.995614 0.028158 128.411 0.0290538 0.0256572 0.999248 2.16021
-0.995588 0.0899694 0.0266373 123.436 -0.0892183 -0.995614 0.028158 128.411 0.0290538 0.0256572 0.999248 2.16021
-0.995568 0.0890839 0.0301325 123.93 -0.0882839 -0.995732 0.0269135 118.164 0.0324015 0.024134 0.999184 2.30311
-0.998227 0.0535843 0.0259347 124.142 -0.052949 -0.998294 0.0245917 108.743 0.0272082 0.0231748 0.999361 2.43208
-0.998227 0.0535843 0.0259347 124.142 -0.052949 -0.998294 0.0245917 108.743 0.0272082 0.0231748 0.999361 2.43208
-0.996288 0.0823382 0.025108 124.365 -0.0817039 -0.996335 0.0253228 100.206 0.027101 0.0231774 0.999364 2.53533
-0.996288 0.0823382 0.025108 124.365 -0.0817039 -0.996335 0.0253228 100.206 0.027101 0.0231774 0.999364 2.53533
-0.995114 0.0936064 0.031413 124.771 -0.0929084 -0.995409 0.0229915 92.2314 0.0334209 0.0199606 0.999242 2.66544
-0.995114 0.0936064 0.031413 124.771 -0.0929084 -0.995409 0.0229915 92.2314 0.0334209 0.0199606 0.999242 2.66544
-0.9969 0.071758 0.0322618 125.068 -0.0712316 -0.997312 0.0171803 84.2672 0.0334079 0.0148289 0.999332 2.74755
-0.999013 0.0359415 0.0260842 125.129 -0.0356048 -0.999278 0.0132594 77.5766 0.0265419 0.0123176 0.999572 2.75601
-0.999013 0.0359415 0.0260842 125.129 -0.0356048 -0.999278 0.0132594 77.5766 0.0265419 0.0123176 0.999572 2.75601
-0.992903 0.117575 0.0178771 125.527 -0.117253 -0.992936 0.0181356 68.0692 0.0198832 0.0159108 0.999676 2.74828
-0.992903 0.117575 0.0178771 125.527 -0.117253 -0.992936 0.0181356 68.0692 0.0198832 0.0159108 0.999676 2.74828
-0.992903 0.117575 0.0178771 125.527 -0.117253 -0.992936 0.0181356 68.0692 0.0198832 0.0159108 0.999676 2.74828
-0.993048 0.114259 0.0283032 126.103 -0.113925 -0.993402 0.0131711 60.249 0.0296213 0.00985505 0.999513 2.76253
-0.995411 0.0920494 0.0261338 126.569 -0.0917157 -0.995691 0.0136955 52.5068 0.0272819 0.0112358 0.999565 2.71579
-0.995411 0.0920494 0.0261338 126.569 -0.0917157 -0.995691 0.0136955 52.5068 0.0272819 0.0112358 0.999565 2.71579
-0.995041 0.0970378 0.0218641 126.99 -0.096887 -0.995264 0.00785865 44.8982 0.0225231 0.00570133 0.99973 2.71934
-0.995041 0.0970378 0.0218641 126.99 -0.096887 -0.995264 0.00785865 44.8982 0.0225231 0.00570133 0.99973 2.71934
-0.997242 0.0701787 0.0241553 127.362 -0.0700199 -0.997518 0.00735859 35.3039 0.0246118 0.00564694 0.999681 2.68183
-0.997242 0.0701787 0.0241553 127.362 -0.0700199 -0.997518 0.00735859 35.3039 0.0246118 0.00564694 0.999681 2.68183
-0.997242 0.0701787 0.0241553 127.362 -0.0700199 -0.997518 0.00735859 35.3039 0.0246118 0.00564694 0.999681 2.68183
-0.997242 0.0701787 0.0241553 127.362 -0.0700199 -0.997518 0.00735859 35.3039 0.0246118 0.00564694 0.999681 2.68183
-0.997242 0.0701787 0.0241553 127.362 -0.0700199 -0.997518 0.00735859 35.3039 0.0246118 0.00564694 0.999681 2.68183
-0.997242 0.0701787 0.0241553 127.362 -0.0700199 -0.997518 0.00735859 35.3039 0.0246118 0.00564694 0.999681 2.68183
-0.997242 0.0701787 0.0241553 127.362 -0.0700199 -0.997518 0.00735859 35.3039 0.0246118 0.00564694 0.999681 2.68183
-0.997242 0.0701787 0.0241553 127.362 -0.0700199 -0.997518 0.00735859 35.3039 0.0246118 0.00564694 0.999681 2.68183
-0.997242 0.0701787 0.0241553 127.362 -0.0700199 -0.997518 0.00735859 35.3039 0.0246118 0.00564694 0.999681 2.68183
-0.997242 0.0701787 0.0241553 127.362 -0.0700199 -0.997518 0.00735859 35.3039 0.0246118 0.00564694 0.999681 2.68183
-0.997242 0.0701787 0.0241553 127.362 -0.0700199 -0.997518 0.00735859 35.3039 0.0246118 0.00564694 0.999681 2.68183
-0.997242 0.0701787 0.0241553 127.362 -0.0700199 -0.997518 0.00735859 35.3039 0.0246118 0.00564694 0.999681 2.68183
-0.997242 0.0701787 0.0241553 127.362 -0.0700199 -0.997518 0.00735859 35.3039 0.0246118 0.00564694 0.999681 2.68183
-0.997242 0.0701787 0.0241553 127.362 -0.0700199 -0.997518 0.00735859 35.3039 0.0246118 0.00564694 0.999681 2.68183
-0.997242 0.0701787 0.0241553 127.362 -0.0700199 -0.997518 0.00735859 35.3039 0.0246118 0.00564694 0.999681 2.68183
-0.997242 0.0701787 0.0241553 127.362 -0.0700199 -0.997518 0.00735859 35.3039 0.0246118 0.00564694 0.999681 2.68183
-0.997242 0.0701787 0.0241553 127.362 -0.0700199 -0.997518 0.00735859 35.3039 0.0246118 0.00564694 0.999681 2.68183
-0.998489 0.0515192 -0.0191203 126.627 -0.0518539 -0.998502 0.0174396 -5.33276 -0.0181932 0.0184047 0.999665 2.55151
-0.998489 0.0515192 -0.0191203 126.627 -0.0518539 -0.998502 0.0174396 -5.33276 -0.0181932 0.0184047 0.999665 2.55151
-0.994054 -0.108359 0.0106968 126.349 0.108545 -0.993917 0.0186368 -8.24822 0.00861221 0.0196871 0.999769 2.60597
-0.994054 -0.108359 0.0106968 126.349 0.108545 -0.993917 0.0186368 -8.24822 0.00861221 0.0196871 0.999769 2.60597
-0.661966 -0.749508 0.00623087 124.595 0.749343 -0.661587 0.0280627 -10.7694 -0.0169109 0.0232456 0.999587 2.63402
-0.661966 -0.749508 0.00623087 124.595 0.749343 -0.661587 0.0280627 -10.7694 -0.0169109 0.0232456 0.999587 2.63402
-0.158817 -0.987187 0.0154346 120.947 0.987154 -0.158497 0.020141 -11.8365 -0.0174366 0.018435 0.999678 2.66328
-0.158817 -0.987187 0.0154346 120.947 0.987154 -0.158497 0.020141 -11.8365 -0.0174366 0.018435 0.999678 2.66328
-0.0756131 -0.997111 0.00729351 116.805 0.996797 -0.075394 0.0266862 -11.9813 -0.0260592 0.00928797 0.999617 2.64652
-0.0756131 -0.997111 0.00729351 116.805 0.996797 -0.075394 0.0266862 -11.9813 -0.0260592 0.00928797 0.999617 2.64652
-0.0756131 -0.997111 0.00729351 116.805 0.996797 -0.075394 0.0266862 -11.9813 -0.0260592 0.00928797 0.999617 2.64652
-0.086388 -0.996254 -0.00391201 109.083 0.996216 -0.086421 0.00925613 -12.3257 -0.00955953 -0.00309759 0.99995 2.54873
-0.0847305 -0.996378 -0.00724625 102.279 0.996287 -0.0848297 0.0146996 -12.6405 -0.0152611 -0.00597384 0.999866 2.45131
-0.0847305 -0.996378 -0.00724625 102.279 0.996287 -0.0848297 0.0146996 -12.6405 -0.0152611 -0.00597384 0.999866 2.45131
-0.0795936 -0.996827 0.000754314 95.1667 0.996615 -0.079561 0.0207014 -12.8944 -0.0205757 0.00239946 0.999785 2.37354
-0.0795936 -0.996827 0.000754314 95.1667 0.996615 -0.079561 0.0207014 -12.8944 -0.0205757 0.00239946 0.999785 2.37354
-0.0765473 -0.997023 -0.00924417 84.8256 0.996934 -0.076685 0.0155872 -13.2838 -0.0162497 -0.00802267 0.999836 2.14259
-0.0765473 -0.997023 -0.00924417 84.8256 0.996934 -0.076685 0.0155872 -13.2838 -0.0162497 -0.00802267 0.999836 2.14259
-0.0783293 -0.996877 -0.0100129 74.5893 0.99661 -0.0785539 0.0244458 -13.6068 -0.025156 -0.00806409 0.999651 1.94853
-0.0783293 -0.996877 -0.0100129 74.5893 0.99661 -0.0785539 0.0244458 -13.6068 -0.025156 -0.00806409 0.999651 1.94853
-0.0817539 -0.996612 -0.00900141 64.1473 0.996436 -0.0819211 0.0201111 -14.0258 -0.0207804 -0.00732517 0.999757 1.66885
-0.0817539 -0.996612 -0.00900141 64.1473 0.996436 -0.0819211 0.0201111 -14.0258 -0.0207804 -0.00732517 0.999757 1.66885
-0.0800168 -0.996486 -0.0247756 54.9342 0.996298 -0.0807363 0.0295454 -14.3641 -0.0314418 -0.0223198 0.999256 1.43964
-0.0772642 -0.996843 -0.0182761 46.2076 0.996842 -0.0775753 0.0169722 -14.7085 -0.0183364 -0.016907 0.999689 1.19018
-0.0772642 -0.996843 -0.0182761 46.2076 0.996842 -0.0775753 0.0169722 -14.7085 -0.0183364 -0.016907 0.999689 1.19018
-0.0801082 -0.996754 -0.0080544 37.2889 0.99664 -0.0802322 0.0164666 -15.0378 -0.0170594 -0.00670823 0.999832 0.923359
-0.0801082 -0.996754 -0.0080544 37.2889 0.99664 -0.0802322 0.0164666 -15.0378 -0.0170594 -0.00670823 0.999832 0.923359
-0.0775094 -0.9969 -0.0135375 26.4575 0.996579 -0.0778608 0.0277067 -15.4128 -0.0286749 -0.0113437 0.999524 0.713669
-0.0775094 -0.9969 -0.0135375 26.4575 0.996579 -0.0778608 0.0277067 -15.4128 -0.0286749 -0.0113437 0.999524 0.713669
-0.0719126 -0.997245 -0.0182074 15.4268 0.997115 -0.0723241 0.0230546 -15.7723 -0.0243079 -0.0164969 0.999568 0.39475
-0.0719126 -0.997245 -0.0182074 15.4268 0.997115 -0.0723241 0.0230546 -15.7723 -0.0243079 -0.0164969 0.999568 0.39475
-0.0222864 -0.999573 -0.0189169 6.25853 0.99957 -0.0226394 0.0186577 -16.0169 -0.019078 -0.0184929 0.999647 0.130552
-0.0222864 -0.999573 -0.0189169 6.25853 0.99957 -0.0226394 0.0186577 -16.0169 -0.019078 -0.0184929 0.999647 0.130552
0.606076 -0.7944 -0.0400039 0.225204 0.795031 0.606569 -0.000223087 -13.9348 0.0244424 -0.0316692 0.9992 -0.0583105
0.606076 -0.7944 -0.0400039 0.225204 0.795031 0.606569 -0.000223087 -13.9348 0.0244424 -0.0316692 0.9992 -0.0583105
0.991105 -0.132078 -0.0162912 -1.56521 0.131695 0.991031 -0.0226866 -8.97078 0.0191415 0.0203393 0.99961 -0.172869
0.991105 -0.132078 -0.0162912 -1.56521 0.131695 0.991031 -0.0226866 -8.97078 0.0191415 0.0203393 0.99961 -0.172869
0.998432 0.054742 0.0116558 -1.37887 -0.0543079 0.997919 -0.0347705 -1.45665 -0.0135349 0.034083 0.999327 0.00697374
0.989812 0.139303 0.0294521 -0.402511 -0.138554 0.99001 -0.0261222 3.6852 -0.0327967 0.0217753 0.999225 0.0944247
0.989812 0.139303 0.0294521 -0.402511 -0.138554 0.99001 -0.0261222 3.6852 -0.0327967 0.0217753 0.999225 0.0944247
0.994516 0.0950043 0.0437263 -0.0161848 -0.093937 0.995242 -0.0258509 5.92539 -0.0459742 0.0216016 0.998709 0.111693
0.994516 0.0950043 0.0437263 -0.0161848 -0.093937 0.995242 -0.0258509 5.92539 -0.0459742 0.0216016 0.998709 0.111693
0.995848 -0.0731002 0.0542497 0.0289286 0.074143 0.997095 -0.0174636 7.94572 -0.0528155 0.0214133 0.998375 0.140911
0.995848 -0.0731002 0.0542497 0.0289286 0.074143 0.997095 -0.0174636 7.94572 -0.0528155 0.0214133 0.998375 0.140911
0.992813 -0.107008 0.0535855 -0.0345386 0.108176 0.993943 -0.0193873 8.28105 -0.0511863 0.0250446 0.998375 0.140932
